map_dir := /projects/WCJONES/spider/SED_leakage_subtract/
do_sim := False
do_cxd := True
fs_to_do := [23.0, 26.267851073127396, 30.331501776206203, 37.14835124201342, 45.4972526643093, 46.62081080376016, 46.62327744807308, 46.62574396189299, 46.628210345240575, 46.63067659813655, 48.26903769498622, 57.12880184285331, 58.834513680322026, 58.836468282860075, 58.83842282046656, 58.840377293147945, 58.84233170091069, 71.23061139706721, 90.95658304927687, 26.267851073127396, 30.0, 34.64101615137755, 42.42640687119285, 51.96152422706632, 53.24471804789655, 53.24753515422099, 53.2503521115119, 53.253168919792934, 53.25598557908773, 55.12712580935088, 65.24568951279464, 67.19374970932937, 67.19598202273704, 67.19821426198764, 67.20044642708856, 67.20267851804718, 81.35109095765097, 103.87973815908471, 30.331501776206203, 34.64101615137755, 40.0, 48.98979485566356, 60.0, 61.48170459575759, 61.4849575099471, 61.4882102520475, 61.49146282208612, 61.49471522009026, 63.655321851358195, 75.33923280734945, 77.5886589650833, 77.59123661857697, 77.59381418644143, 77.59639166868521, 77.59896906531684, 93.93614852653903, 119.9499895789908, 37.14835124201342, 42.42640687119285, 48.98979485566356, 60.0, 73.48469228349535, 75.2994023880668, 75.30338637803747, 75.30737015724291, 75.31135372571656, 75.31533708349184, 77.9615289742319, 92.27133899537819, 95.0263121456368, 95.0294691135334, 95.03262597655608, 95.03578273471524, 95.03893938802138, 115.04781614615725, 146.9081345603435, 45.4972526643093, 51.96152422706632, 60.0, 73.48469228349535, 90.0, 92.22255689363638, 92.22743626492064, 92.23231537807125, 92.23719423312919, 92.24207283013538, 95.4829827770373, 113.00884921102418, 116.38298844762494, 116.38685492786546, 116.39072127966216, 116.39458750302782, 116.39845359797525, 140.90422278980853, 179.92498436848618, 46.62081080376016, 53.24471804789655, 61.48170459575759, 75.2994023880668, 92.22255689363638, 94.5, 94.50499986773187, 94.50999947095545, 94.51499880971274, 94.51999788404568, 97.84094235032694, 115.7996113983117, 119.25707526180575, 119.26103722507196, 119.26499905672243, 119.26896075677024, 119.27292232522854, 144.38386336429704, 184.36824563899285, 46.62327744807308, 53.24753515422099, 61.4849575099471, 75.30338637803747, 92.22743626492064, 94.50499986773187, 94.51, 94.51499986774586, 94.51999947101143, 94.52499880983866, 97.84611898281914, 115.80573819979735, 119.26338499304806, 119.26734716593641, 119.27130920720205, 119.2752711168581, 119.27923289491763, 144.39150252005828, 184.37800031457115, 46.62574396189299, 53.2503521115119, 61.4882102520475, 75.30737015724291, 92.23231537807125, 94.50999947095545, 94.51499986774586, 94.52, 94.52499986775985, 94.52999947106738, 97.85129534145166, 115.81186467715646, 119.26969439048631, 119.2736567729857, 119.27761902385544, 119.2815811431086, 119.2855431307583, 144.39914127168484, 184.38775447409733, 46.628210345240575, 53.253168919792934, 61.49146282208612, 75.31135372571656, 92.23719423312919, 94.51499880971274, 94.51999947101143, 94.52499986775985, 94.53, 94.53499986777385, 97.85647142626797, 115.81799083044051, 119.27600345417346, 119.27996604627283, 119.28392850673556, 119.28789083557476, 119.29185303280354, 144.40677961924087, 184.39750811765325, 46.63067659813655, 53.25598557908773, 61.49471522009026, 75.31533708349184, 92.24207283013538, 94.51999788404568, 94.52499880983866, 94.52999947106738, 94.53499986777385, 94.54, 97.86164723731152, 115.82411665970089, 119.28231218416249, 119.28627498585074, 119.29023765589538, 119.29420019430952, 119.29816260110631, 144.41441756279045, 184.40726124532083, 48.26903769498622, 55.12712580935088, 63.655321851358195, 77.9615289742319, 95.4829827770373, 97.84094235032694, 97.84611898281914, 97.85129534145166, 97.85647142626797, 97.86164723731152, 101.3, 119.89357780965584, 123.47327646094114, 123.47737849501017, 123.48148039281033, 123.48558215435517, 123.4896837796583, 149.4883941983457, 190.886379817943, 57.12880184285331, 65.24568951279464, 75.33923280734945, 92.27133899537819, 113.00884921102418, 115.7996113983117, 115.80573819979735, 115.81186467715646, 115.81799083044051, 115.82411665970089, 119.89357780965584, 141.9, 146.13675102451128, 146.1416059854277, 146.14646078506317, 146.1513154234337, 146.15616990055534, 176.926934071667, 225.9235047532682, 58.834513680322026, 67.19374970932937, 77.5886589650833, 95.0263121456368, 116.38298844762494, 119.25707526180575, 119.26338499304806, 119.26969439048631, 119.27600345417346, 119.28231218416249, 123.47327646094114, 146.13675102451128, 150.5, 150.50499991694628, 150.50999966779617, 150.51499925256618, 150.51999867127293, 182.20949481297617, 232.66897085774028, 58.836468282860075, 67.19598202273704, 77.59123661857697, 95.0294691135334, 116.38685492786546, 119.26103722507196, 119.26734716593641, 119.2736567729857, 119.27996604627283, 119.28627498585074, 123.47737849501017, 146.1416059854277, 150.50499991694628, 150.51, 150.5149999169518, 150.51999966781824, 150.52499925261583, 182.215548184012, 232.6767005954829, 58.83842282046656, 67.19821426198764, 77.59381418644143, 95.03262597655608, 116.39072127966216, 119.26499905672243, 119.27130920720205, 119.27761902385544, 119.28392850673556, 119.29023765589538, 123.48148039281033, 146.14646078506317, 150.50999966779617, 150.5149999169518, 150.52, 150.5249999169573, 150.5299996678403, 182.22160135395583, 232.68443007644495, 58.840377293147945, 67.20044642708856, 77.59639166868521, 95.03578273471524, 116.39458750302782, 119.26896075677024, 119.2752711168581, 119.2815811431086, 119.28789083557476, 119.29420019430952, 123.48558215435517, 146.1513154234337, 150.51499925256618, 150.51999966781824, 150.5249999169573, 150.53, 150.53499991696282, 182.22765432282773, 232.69215930065198, 58.84233170091069, 67.20267851804718, 77.59896906531684, 95.03893938802138, 116.39845359797525, 119.27292232522854, 119.27923289491763, 119.2855431307583, 119.29185303280354, 119.29816260110631, 123.4896837796583, 146.15616990055534, 150.51999867127293, 150.52499925261583, 150.5299996678403, 150.53499991696282, 150.54, 182.23370709064773, 232.6998882681296, 71.23061139706721, 81.35109095765097, 93.93614852653903, 115.04781614615725, 140.90422278980853, 144.38386336429704, 144.39150252005828, 144.39914127168484, 144.40677961924087, 144.41441756279045, 149.4883941983457, 176.926934071667, 182.20949481297617, 182.215548184012, 182.22160135395583, 182.22765432282773, 182.23370709064773, 220.6, 281.69100092122216, 90.95658304927687, 103.87973815908471, 119.9499895789908, 146.9081345603435, 179.92498436848618, 184.36824563899285, 184.37800031457115, 184.38775447409733, 184.39750811765325, 184.40726124532083, 190.886379817943, 225.9235047532682, 232.66897085774028, 232.6767005954829, 232.68443007644495, 232.69215930065198, 232.6998882681296, 281.69100092122216, 359.7]
sed_model := dustxcmb
ells := [20.0, 45.0, 70.0, 95.0, 120.0, 145.0, 170.0]
pols := ['EE', 'BB']
